marko-01,-0.0999571,0.115485,0.00392952,-0.102924,-0.0484163,-0.0324391,-0.022446,-0.0981642,0.196566,-0.017904,0.221785,-0.0343385,-0.256245,-0.115295,-0.0185304,0.118582,-0.117928,-0.053856,-0.128238,-0.0840136,-0.0141486,0.0317917,0.14039,-0.00975896,-0.0946774,-0.364965,-0.101193,-0.149849,0.013794,-0.0112323,0.0209953,0.0236948,-0.123374,-0.136672,0.0376673,0.10315,-0.144093,-0.0462137,0.26143,0.0109308,-0.0848788,-0.052322,0.0412895,0.328353,0.195458,0.0176122,0.0521747,-0.0493575,0.131232,-0.313755,0.105974,0.10578,0.142652,0.0677226,0.191556,-0.0605957,0.0616844,0.200759,-0.248221,0.0108092,0.0503275,0.0156166,-0.0873065,-0.0939698,0.330829,0.183133,-0.174809,-0.00813363,0.175524,-0.0719535,0.00473485,0.0279875,-0.146225,-0.160977,-0.300411,0.0631548,0.398056,0.0986694,-0.125437,-0.0533418,-0.0829626,-0.0171435,0.0149453,-0.000360252,-0.156443,-0.0335539,-0.0217391,0.0220495,0.111247,-0.0785229,-0.0520295,0.202302,0.0226236,0.0470118,0.0327378,0.0208001,-0.0653434,-0.0379577,-0.157617,0.0827299,0.0656553,-0.155195,0.0317188,0.0690559,-0.187055,0.100819,0.0338309,-0.0482215,0.0291926,-0.0497856,-0.111117,-0.0555179,0.194577,-0.286438,0.179131,0.157522,-0.0191089,0.144715,0.0226705,0.0299798,-0.0193793,0.0183882,-0.132116,-0.054735,0.0478162,0.0137862,-0.011087,0.0544034
marko-02,-0.162689,0.179298,-0.0447234,-0.0386535,-0.0209203,-0.038035,-0.0299837,-0.0575951,0.206678,-0.0231296,0.261979,0.00323611,-0.256784,-0.05164,-0.0431775,0.101534,-0.164625,0.00210145,-0.199075,-0.117239,-0.0159603,0.0768901,0.0797733,0.0167978,-0.056724,-0.30143,-0.0859282,-0.144422,0.0718969,-0.169922,-0.0254429,-0.0446079,-0.172933,-0.162827,-0.015675,0.0349975,-0.109057,-0.025879,0.231179,0.000666483,-0.0948343,-0.00297112,0.0663455,0.304391,0.248777,0.0297615,-0.0389672,-0.105865,0.122186,-0.236487,0.0888404,0.0979067,0.19191,0.0710304,0.157371,-0.172015,-0.0176272,0.109713,-0.19475,0.0130305,0.0235298,0.0214794,-0.118519,-0.0470906,0.225518,0.140455,-0.126416,-0.115369,0.207508,-0.123045,0.0127238,0.11539,-0.0652129,-0.221893,-0.286258,0.0736792,0.357664,0.125863,-0.148146,0.0259943,-0.0940206,-0.0980854,-0.0108983,0.0126103,-0.175519,0.00343478,-0.0462037,0.0644522,0.0951928,-0.00556107,-0.0904858,0.179643,-0.0021351,0.0294899,0.0753241,0.0604374,-0.127321,-0.050882,-0.173164,-0.00748889,0.129291,-0.156482,-0.0271754,0.0711624,-0.144239,0.148982,0.046447,-0.027253,-0.00794375,-0.020561,-0.106367,0.0272081,0.223976,-0.289926,0.256051,0.116557,-0.0398972,0.155892,0.0781847,0.0514174,-0.00363208,0.0283639,-0.184291,-0.0919493,0.0340726,-0.0259463,0.0783232,0.0504686
marko-03,-0.09772,0.0677703,-0.0062814,0.0280785,-0.157366,-0.0698162,0.000517055,-0.0998302,0.0639264,0.00238998,0.159939,-0.0409172,-0.216467,-0.0607255,-0.00454628,0.0983409,-0.112832,-0.0379975,-0.182645,-0.147578,-0.0347753,0.0481966,0.0256422,-0.0266928,-0.0998792,-0.258495,-0.0963137,-0.0855792,0.0957965,-0.0944458,0.015984,0.0359067,-0.23389,-0.0720771,0.0203145,0.0347835,-0.0889682,-0.0877342,0.203217,0.00267665,-0.136865,0.092471,0.0495732,0.235082,0.225237,-0.0252714,-0.0216218,-0.0585891,0.0936985,-0.209968,0.0377892,0.199298,0.105876,0.0925835,0.0478152,-0.0678256,0.0212466,0.159907,-0.175226,0.0337988,0.0991363,-0.0643975,-0.078521,-0.12439,0.163583,0.115174,-0.0818491,-0.138591,0.120253,-0.188023,-0.0331918,0.085576,-0.100076,-0.166694,-0.264449,0.112719,0.369268,0.220475,-0.171398,-0.0231808,-0.120931,-0.0333531,0.0262058,0.00638771,-0.0805856,-0.0701817,-0.0604623,0.0564723,0.191259,-0.0327312,-0.0137829,0.232273,0.0338076,-0.0173003,-0.0293082,-0.0327683,-0.105846,-0.0850733,-0.0385672,-0.0513061,0.0997809,-0.173469,0.050516,0.133556,-0.163991,0.197942,-0.0244204,0.00300045,0.0262448,-0.020356,-0.0155125,0.0355809,0.177408,-0.21832,0.296074,0.142292,-0.0312554,0.0872384,0.0371387,0.113245,-0.10293,0.00592066,-0.124283,-0.108146,0.0139252,-0.0206916,0.0614634,0.0369927
marko-04,-0.16026,0.105961,-0.0120178,-0.0555918,-0.0654368,-0.020907,-0.0148172,-0.0468057,0.161732,0.0160082,0.228753,-0.0272764,-0.236943,-0.0419681,0.0127353,0.0638314,-0.199163,0.0089128,-0.148281,-0.119474,0.010472,0.0523705,0.0381495,0.0986746,-0.170117,-0.319343,-0.0964156,-0.137974,0.0267859,-0.12864,-0.0363926,0.00514608,-0.15122,-0.109526,0.00598246,0.0576557,-0.097577,-0.0656741,0.177491,0.0688089,-0.118451,0.0438308,0.0508484,0.373475,0.260003,0.0317928,0.00520812,-0.0258207,0.166157,-0.253462,0.0846111,0.129041,0.140457,0.00169875,0.188289,-0.159557,-0.0158783,0.140855,-0.179471,0.0434278,0.035683,-0.0354851,-0.0102981,-0.0845078,0.167817,0.120204,-0.115009,-0.0778861,0.127695,-0.123148,0.0261633,0.114521,-0.116102,-0.224432,-0.296599,0.105011,0.447402,0.121172,-0.151598,-0.0192687,-0.0830738,-0.0804478,0.0751555,0.0440392,-0.124355,-0.0527439,-0.0980625,0.0610131,0.161099,-0.00189822,-0.0218396,0.190829,0.0215758,-0.0735119,0.0645832,0.0199663,-0.183189,-0.0180394,-0.0998373,0.025785,0.0352524,-0.199258,-0.0202245,0.0544979,-0.229409,0.126478,0.0595192,-0.0910609,-0.0490305,-0.0565714,-0.137696,0.0263769,0.191148,-0.346894,0.144078,0.156681,0.0100628,0.175689,-0.00824879,0.0311409,-0.0496647,0.0500905,-0.100295,-0.0655135,0.0278502,-0.0179396,0.0418025,-0.00608959
marko-05,-0.0896733,0.118772,0.0266622,0.0131081,-0.0830094,-0.0593139,-0.0284291,-0.110149,0.0634586,-0.0137923,0.165789,-0.0170856,-0.279399,-0.0531485,0.0130488,0.0896179,-0.133706,-0.115781,-0.16762,-0.0987575,-0.0354603,0.0340529,0.0217521,-0.0435344,-0.0651966,-0.247044,-0.0643381,-0.13903,0.069677,-0.0868258,0.00246902,0.0610435,-0.193858,-0.0954841,0.0270767,0.0453743,-0.0442605,-0.0865638,0.21103,-0.0489437,-0.116328,-0.00936247,0.0629895,0.233651,0.208726,0.0104282,-0.00497365,-0.0542224,0.0994371,-0.301018,0.0875633,0.128151,0.0524637,0.117901,0.042956,-0.20128,0.040076,0.0873869,-0.179906,0.0505752,0.0846602,-0.109404,-0.125059,-0.0685734,0.215447,0.150571,-0.0635104,-0.128387,0.142334,-0.173093,-0.0221802,0.0509404,-0.0977927,-0.101451,-0.224621,0.0892236,0.36173,0.104605,-0.131165,0.0429171,-0.0713875,-0.039504,0.0367069,0.00659132,-0.0929791,-0.0560996,-0.053057,0.0428229,0.20557,-0.0522932,-0.000484982,0.201511,-0.0225428,-0.00848764,0.0739425,0.00389275,-0.0294638,-0.0551051,-0.0863761,0.0226727,0.125618,-0.198786,-0.00315921,0.0913714,-0.140213,0.0723064,-0.0204364,0.0217187,0.0748595,-0.0741481,-0.0534792,-0.0432654,0.206789,-0.20948,0.282992,0.14316,-0.0441764,0.111885,0.0408057,0.141615,-0.018624,0.0182279,-0.179874,-0.087555,0.0786233,0.0341072,-0.0375812,0.048119
marko-06,-0.136245,0.0439794,0.019662,-0.0645029,-0.141585,-0.0263042,0.0108138,-0.080864,0.0949407,-0.0458517,0.149216,-0.0682445,-0.292219,0.00915467,-0.0249019,0.0708605,-0.111296,-0.0309587,-0.143265,-0.118175,0.000512072,0.0363619,0.0837502,0.0100268,-0.0958021,-0.320287,-0.0863681,-0.156144,-0.0357418,-0.0761132,-0.0614904,0.0476432,-0.219467,-0.140191,-0.0298427,0.066635,-0.132696,-0.0392222,0.14081,0.0344628,-0.118267,0.0170571,0.0742208,0.272441,0.24122,0.0285196,-0.016507,-0.0411319,0.128518,-0.286218,0.0971936,0.102797,0.214288,0.0561055,0.153419,-0.0866115,0.0576404,0.0620053,-0.163219,0.0479269,0.11721,0.0176606,-0.0318364,-0.1172,0.214858,0.125628,-0.0560131,-0.0261633,0.162565,-0.108443,-0.00721286,0.0775635,-0.148144,-0.201552,-0.195699,0.0871572,0.356356,0.183014,-0.102284,-0.0482053,-0.11699,-0.0274025,0.00901949,-0.0543129,-0.119597,-0.000723759,-0.0413453,0.114092,0.157344,-0.0965211,-0.0407017,0.204034,0.0162138,-0.0246706,0.0765155,-0.00865944,-0.117725,-0.0140282,-0.176422,0.0125698,0.0766035,-0.22221,0.00742409,0.0520052,-0.186311,0.111565,-0.0412974,-0.0592249,-0.0298384,-0.0755968,-0.132466,0.0405565,0.185221,-0.216766,0.200743,0.137329,-0.0394054,0.102181,0.00407544,0.0321289,-0.0510105,0.00615343,-0.148736,-0.0961772,0.126715,0.00967013,0.0354852,0.0402264
marko-07,-0.105566,0.0343796,0.0732701,-0.0358456,-0.117847,-0.0731511,-0.0343727,-0.0740592,0.14436,-0.074688,0.173604,-0.0535097,-0.271681,-0.0245459,-0.049535,0.151655,-0.190806,-0.12517,-0.0848248,-0.0658787,0.0249632,0.0650531,0.0217459,0.0180217,-0.0594792,-0.282833,-0.0985947,-0.0928574,0.0607147,-0.0763105,0.0111805,0.0506568,-0.258263,-0.0228162,0.0026223,0.0683472,-0.0313622,-0.123736,0.200381,-0.0514735,-0.249151,-0.0146897,0.116229,0.167061,0.242002,-0.022374,-0.0649189,-0.0964236,0.14301,-0.2844,-0.0172069,0.221841,0.104694,0.0645547,0.0485521,-0.136066,0.0103188,0.184489,-0.226724,0.0388198,0.0294141,-0.060583,-0.00636296,-0.11138,0.158857,0.0630364,-0.128936,-0.171437,0.169566,-0.221823,-0.0272323,0.168584,-0.119403,-0.239311,-0.294044,0.0545348,0.418839,0.147388,-0.0752341,0.0941605,-0.0785201,-0.107866,-0.059525,0.0841592,-0.0715616,-0.00862628,-0.0997287,0.0495043,0.222396,-0.0526895,0.0448941,0.239385,-0.0484569,0.0127998,-0.0462714,0.0653412,-0.103649,-0.032981,-0.13233,-0.0472435,0.0280815,-0.132616,0.00608436,0.123526,-0.146975,0.0762776,-0.0418714,-0.0602619,-0.0281544,-0.0345639,-0.0426431,-0.0178025,0.170855,-0.230119,0.236413,0.13855,0.000599156,0.126047,0.0520173,0.133701,-0.0516243,-0.0718275,-0.145742,-0.0890983,0.0568035,-0.0177507,0.0588198,0.0173697
marko-08,-0.102133,0.106478,0.084581,-0.00411381,-0.10716,-0.0166618,-0.052816,-0.0188003,0.124264,-0.0484686,0.19956,0.00131072,-0.259069,-0.0115378,-0.0526773,0.105182,-0.151083,-0.0742161,-0.115107,-0.142015,0.0193166,0.10747,-0.0131824,-0.0152692,-0.108996,-0.264626,-0.0487048,-0.089124,0.0447932,-0.124227,-0.00932334,0.0318304,-0.192752,-0.0285898,-0.03376,0.0192977,-0.0362617,-0.0478702,0.169471,0.0260999,-0.168311,0.0257474,0.0429683,0.301012,0.204134,-0.0189054,-0.038387,-0.0600694,0.0984939,-0.272023,0.0226961,0.2231,0.0712055,0.113525,0.0445248,-0.148346,0.0013021,0.0828942,-0.113802,0.0328212,0.042754,-0.0648327,-0.0458739,-0.0895058,0.21344,0.0766051,-0.106967,-0.134728,0.131578,-0.126812,-0.0662386,0.0976453,-0.129267,-0.144077,-0.26171,0.10856,0.415378,0.132012,-0.171233,0.0738429,-0.139876,-0.0434997,0.0183054,0.0811243,-0.0828429,0.0289881,-0.0762482,0.0981259,0.161006,-0.0544333,-0.0125297,0.217208,0.0357759,0.0312708,0.03996,0.0579605,-0.108089,-0.0415222,-0.109349,-0.0371015,0.12209,-0.126904,0.019207,0.123513,-0.156545,0.197671,0.0342926,0.00121079,0.0395115,0.0234577,-0.00730663,-0.0120628,0.170819,-0.224164,0.245359,0.126308,0.000616369,0.141438,0.0545505,0.122462,-0.0853313,-0.00732555,-0.119318,-0.0850118,0.0120465,0.00166352,0.0208626,0.051417,
giulli-01,-0.118441,0.0906338,0.0412592,-0.0985073,-0.100561,-0.0532433,0.0335264,-0.0551713,0.233425,-0.118962,0.197204,-0.00262175,-0.291722,0.0145183,-0.0541392,0.258605,-0.1964,-0.115525,-0.141781,-0.0725311,0.0399843,0.0473261,0.042502,0.129289,-0.13956,-0.258765,-0.086532,-0.083583,-0.0488317,-0.0231027,0.0259567,0.093367,-0.128986,-0.0258763,0.0904343,0.088104,-0.126562,-0.115084,0.233899,-0.00280269,-0.170233,-0.0327039,0.0233842,0.251236,0.197805,-0.0575332,0.0701112,-0.0957894,0.143775,-0.299587,-0.0621978,0.174824,0.0550864,0.06918,0.141287,-0.134198,0.0835292,0.219577,-0.263147,-0.0348506,0.023869,-0.052476,-0.055643,-0.0504099,0.161303,0.11612,-0.175944,-0.15026,0.246267,-0.129145,0.0383592,0.150822,-0.160113,-0.260489,-0.176102,-0.0194787,0.451613,0.148657,-0.0810042,0.0275981,-0.0496245,-0.0177139,0.00466086,0.0220284,-0.0970078,-0.0476379,-0.094458,0.110553,0.131959,-0.0353098,-0.00971573,0.235226,0.0430733,-0.0706115,0.0273298,0.0551403,-0.0821141,0.0226186,-0.132028,0.031181,0.0311893,-0.0998511,0.00954306,0.035316,-0.0983446,0.118405,-0.0473576,-0.0130677,-0.123211,-0.0161936,-0.184582,0.0409869,0.164381,-0.26115,0.160768,0.136201,-0.090891,0.0906145,0.00260348,0.055133,-0.0313224,-0.0987486,-0.146446,-0.089996,0.0965938,-0.0260284,0.0892599,-0.0466121
giulli-02,-0.129528,0.0918127,0.0695882,-0.0607979,-0.0701928,0.00856522,-0.093185,-0.0426106,0.194304,-0.100666,0.174302,0.0427748,-0.235241,0.0893754,-0.00176215,0.126672,-0.150497,-0.0158237,-0.064399,-0.0819173,0.0658785,0.0932038,0.00505323,0.033658,-0.137853,-0.284489,-0.138608,-0.0814791,0.0668763,-0.0687167,-0.0523718,-0.032288,-0.123649,0.0106306,0.0219692,0.0882704,-0.0503434,-0.0594554,0.165352,0.0384147,-0.182936,-0.0057705,-0.00144638,0.277908,0.19759,0.0117662,0.0601183,-0.096884,0.121015,-0.288939,0.0884163,0.116795,-0.00557704,0.0952088,0.0689086,-0.218317,0.00323729,0.180464,-0.152452,0.113397,0.0913783,-0.0802604,-0.0633263,-0.0200493,0.188441,0.115327,-0.186262,-0.176952,0.117217,-0.161201,0.0110626,0.111977,-0.131239,-0.23336,-0.283954,0.0933236,0.455326,0.1439,-0.159594,0.0375957,-0.073598,-0.0259821,0.109304,0.125488,-0.0350146,0.0118195,-0.0917874,0.0698543,0.217495,-0.0405402,0.0206016,0.259003,0.018627,0.0532123,-0.00367866,0.168437,-0.134245,-0.0750804,-0.119401,-0.0233803,0.0626924,-0.0995208,-0.0308419,0.123748,-0.218095,0.259714,0.00852905,-0.0324876,-0.0197883,-0.0409291,-0.0905913,0.0144673,0.219806,-0.253306,0.149407,0.213407,0.0544606,0.177886,0.0549417,0.0702218,-0.00536931,-0.021173,-0.202036,-0.0336778,-0.0131746,-0.0305273,-0.0179531,0.0181719
giulli-03,-0.107114,0.0678892,0.00674451,-0.115651,-0.0461215,-0.0164122,-0.0399846,-0.0517469,0.178922,-0.135483,0.190491,-0.0119799,-0.297907,-0.0326298,-0.0441727,0.15014,-0.144747,-0.08341,-0.206008,-0.166402,-0.0497805,0.0279418,0.027007,0.0154798,-0.186304,-0.267504,-0.0868393,-0.12077,0.0227365,-0.126189,0.0522407,0.0468843,-0.13687,-0.0544427,0.0554785,0.0613413,-0.0362316,-0.0307734,0.200252,-0.0150669,-0.185302,0.0105324,0.089719,0.276045,0.161524,-0.0129054,0.0296201,-0.106026,0.147145,-0.25029,0.0190501,0.0979984,0.041026,0.0724726,0.140639,-0.146583,0.0364154,0.173298,-0.205487,0.0537603,0.0600915,-0.0713677,-0.158579,-0.0363326,0.18011,0.129113,-0.195537,-0.187856,0.209761,-0.149059,0.0428656,0.153553,-0.0690871,-0.15236,-0.235007,0.0201832,0.435882,0.138524,-0.109978,0.0595572,-0.0893752,-0.053366,0.0155529,0.0844881,-0.123996,0.0347045,0.0148373,0.114995,0.126031,0.0201298,-0.0272537,0.189681,0.0110057,0.0234487,0.0267412,0.0794901,-0.199738,-0.0769215,-0.124967,-0.0251389,0.126657,-0.091294,0.0460796,0.0570736,-0.104901,0.225558,-0.00643603,-0.00387695,0.0102116,0.0617281,-0.0253953,0.0243942,0.174581,-0.301866,0.179289,0.146992,0.00129349,0.0897667,0.110083,0.0253264,0.0106105,0.0102338,-0.176693,-0.103383,0.0037992,-0.077219,0.0953255,-0.0283841
giulli-04,-0.13162,0.0852664,0.0444583,-0.0893722,-0.0819386,-0.0529662,-0.0204056,-0.0780029,0.172746,-0.10156,0.172312,-0.0850523,-0.29947,0.0434007,-0.0192366,0.14935,-0.182986,-0.0563773,-0.118614,-0.0822596,0.0506928,0.0234309,0.0695145,0.0943498,-0.207007,-0.339675,-0.0746955,-0.137623,-0.0125298,-0.0434657,-0.014894,0.0906799,-0.192545,-0.017857,0.0794631,0.125243,-0.060938,-0.0652678,0.206584,0.0241127,-0.199129,-0.0233453,0.0562037,0.211651,0.224377,-0.0347231,0.0179693,-0.114135,0.188234,-0.266403,-0.00761965,0.163284,0.0267316,0.107155,0.179986,-0.114582,0.106078,0.122379,-0.213162,-0.0192935,0.0688776,-0.0956445,-0.0648366,-0.0795827,0.158215,0.0733933,-0.125933,-0.111007,0.225029,-0.149047,0.0338054,0.147844,-0.103847,-0.194542,-0.213273,0.0115259,0.406736,0.189421,-0.127825,0.073204,-0.0682824,-0.0706593,0.0242462,0.0851178,-0.0604907,0.0319941,-0.0177365,0.104864,0.147931,-0.0287616,0.0644216,0.270207,-0.00212116,0.0129424,0.0777814,0.0286537,-0.192577,-0.0678782,-0.13414,-0.0203883,0.050462,-0.144331,0.00190815,0.0554643,-0.216115,0.147348,-0.0533578,-0.0668805,-0.0390848,-0.02653,-0.0545567,0.0303653,0.141693,-0.313399,0.167769,0.132814,-0.0499993,0.115531,-0.00380687,0.0517313,-0.0346178,-0.0274799,-0.149648,-0.105569,0.0631339,-0.0302387,-0.00313881,-0.0616175
giulli-05,-0.0533076,0.0307314,0.0358096,-0.044205,-0.139965,-0.0579454,0.0140637,-0.0943369,0.223774,-0.164619,0.122731,-0.120841,-0.267495,0.146039,-0.148944,0.163105,-0.110615,-0.0966444,-0.116557,-0.12327,0.0600186,0.0210933,-0.0486173,0.134576,-0.130403,-0.269701,-0.0793274,-0.139546,-0.0332159,-0.0828989,0.0106222,0.0520662,-0.144084,-0.0556896,0.0561329,0.0655433,-0.0459608,-0.111463,0.16286,-0.0279871,-0.212423,0.0328943,0.0566694,0.260217,0.115109,-0.00905304,0.0460438,-0.195162,0.18523,-0.269737,-0.0282434,0.119372,0.0709402,0.0572913,0.118581,-0.198925,0.0770387,0.177182,-0.205982,0.0879831,0.100304,-0.0414161,-0.0321064,-0.063378,0.198604,0.0392323,-0.163115,-0.0918271,0.189197,-0.210314,0.0943391,0.141565,-0.0794736,-0.280465,-0.168869,0.0544861,0.478496,0.202513,-0.13761,0.0430781,-0.0969317,0.0466879,0.0774086,0.123111,-0.0212879,-0.00370578,-0.076738,0.0693661,0.162042,-0.0674955,0.0532114,0.259517,0.00736808,-0.0623164,-0.0139726,0.0697095,-0.267409,-0.008675,-0.0936091,-0.0102023,0.0505502,-0.0397494,0.00696313,0.0493713,-0.185845,0.137482,-0.119823,-0.0822683,-0.0448883,-0.0485776,-0.0462681,-0.00742975,0.198,-0.276359,0.0835809,0.124998,-0.0111011,0.171541,-0.00553636,0.0484042,0.0170495,-0.072075,-0.19927,-0.040317,0.0634819,-0.077984,-0.0129269,-0.0930145
giulli-06,-0.0602103,0.107099,0.0329584,-0.0482653,-0.115181,-0.0972778,-0.0170132,-0.199453,0.19431,-0.111346,0.115315,-0.100472,-0.275,0.0578338,-0.0600493,0.0933363,-0.169424,-0.132563,-0.040378,-0.0426457,-0.02344,0.026852,0.064052,0.100091,-0.0630083,-0.318971,-0.133697,-0.106412,-0.0409852,0.0179837,-0.010595,0.0765058,-0.172323,-0.031489,0.0116986,0.0269152,-0.102302,-0.115623,0.212145,-0.0236982,-0.169025,-0.000294335,0.039161,0.225526,0.272712,-0.0504516,0.0281991,-0.131074,0.195298,-0.301539,-0.0909872,0.208934,0.040142,0.0327139,0.0909597,-0.13104,0.0171992,0.163759,-0.2372,0.0628771,0.0347014,-0.0157055,-0.00931394,-0.0832004,0.231817,0.110899,-0.166433,-0.0890788,0.169589,-0.249755,0.0182736,0.16023,-0.145927,-0.299409,-0.203944,0.0138761,0.445738,0.152992,-0.0606122,0.0354681,-0.0978763,-0.029129,0.00609117,0.0716483,-0.0764881,-0.0512459,-0.109264,0.0269175,0.24088,-0.0469167,-0.0397422,0.274768,-0.0312832,0.0230207,0.0103952,0.0937986,-0.11588,-0.0500894,-0.166208,0.0202295,-0.0233818,-0.130081,-0.0433865,0.0823984,-0.151422,0.111031,-0.0707507,-0.0436709,-0.0975943,-0.108181,-0.0719292,0.0407004,0.194078,-0.299609,0.15205,0.0971851,-0.0283394,0.160825,-0.0696411,0.0228025,-0.0630846,-0.0744358,-0.105298,-0.0962832,0.0502824,-0.000514213,0.0350979,-0.0449908
giulli-07,-0.0964911,0.150271,-0.000459211,-0.0581574,-0.0963639,-0.0163562,0.00116793,-0.121972,0.253726,-0.0855729,0.176645,-0.0435892,-0.288504,0.0284103,-0.0688198,0.0987481,-0.190369,-0.0620356,-0.0582013,-0.0343335,0.0724008,-0.0100884,0.0509043,0.0816515,-0.169025,-0.295596,-0.0914179,-0.150955,-0.0838064,-0.035095,-0.0260496,0.0265115,-0.114826,-0.01793,0.0309516,0.0297848,-0.0818121,-0.0704592,0.166641,-0.0446338,-0.165841,0.0290965,0.0191051,0.222357,0.250867,0.0032067,-0.00197244,-0.120239,0.204632,-0.269085,-0.00708304,0.184191,0.0338997,0.0195512,0.11868,-0.215491,0.0160836,0.175938,-0.22007,-0.0317096,0.0171389,-0.00536476,-0.076881,-0.0309652,0.19641,0.135851,-0.203412,-0.0721335,0.163499,-0.116714,0.112408,0.129259,-0.186873,-0.315327,-0.103157,0.0620492,0.484768,0.148779,-0.11711,0.0199804,-0.157376,0.0270808,0.00421355,0.0202391,-0.0763037,-0.0622976,-0.130218,0.0449581,0.110381,-0.0576181,-0.0120764,0.263467,-0.0154869,-0.0353076,0.00722459,0.0499071,-0.198908,-0.0112184,-0.143608,-0.0721532,0.059008,-0.121128,-0.0550026,0.0598548,-0.221739,0.145225,-0.00712243,-0.014534,-0.0505583,-0.119866,-0.0569028,0.0776624,0.175625,-0.314782,0.169203,0.0641868,-0.00143387,0.218229,-0.0182958,0.000400992,-0.0228436,-0.0602088,-0.1549,-0.0651078,0.0640426,-0.00769228,0.0618479,-0.0781222
malena-01,-0.0786446,0.1088,0.0204165,-0.11201,-0.136484,-0.0164906,-0.00859563,-0.0902209,0.189876,-0.0976326,0.181831,0.0307515,-0.223812,0.00145398,-0.000443175,0.163472,-0.188787,-0.0913836,-0.175708,-0.00589478,-0.00820983,0.0594129,0.122154,0.0573569,-0.0532911,-0.399342,-0.0935495,-0.106137,0.0334307,-0.00669391,0.027395,0.0215362,-0.20666,-0.0280637,0.0504513,-0.00523159,-0.12884,-0.0788969,0.239684,-0.00783308,-0.220781,-0.0241676,0.0121996,0.18271,0.258344,0.0106528,0.0446513,-0.121608,0.163482,-0.226748,0.0346085,0.159817,0.0595559,0.0529651,0.082468,-0.0623404,0.0685914,0.160363,-0.253272,-0.0886165,-0.00217185,-0.0369427,-0.0415949,-0.0172859,0.214035,0.0676407,-0.124265,-0.151967,0.168223,-0.159756,0.0504147,0.111866,-0.151814,-0.205563,-0.213907,-0.0164863,0.416535,0.0964009,-0.0973731,0.0196237,-0.149506,-0.0975471,-0.00456609,0.066557,-0.0556889,-0.0820765,-0.0687451,0.0690166,0.17571,-0.118767,0.00876481,0.279924,0.0392939,-0.0298733,-0.0113112,0.0663776,-0.125337,0.00416061,-0.103288,-0.0201891,0.00681742,0.0131202,-0.0190454,0.0751941,-0.182434,0.148067,-0.0277655,-0.0231928,0.00537147,-0.104763,-0.0787762,-0.136015,0.112168,-0.234138,0.144661,0.131579,-0.0555297,0.136287,-0.0244197,0.0367531,-0.0202325,-0.0534583,-0.185716,-0.0342796,0.129465,0.0232795,0.0110876,-0.0385232
malena-02,-0.168495,0.0640393,0.0457212,-0.0676294,-0.122252,-0.0538923,0.0156639,-0.0936641,0.190647,-0.0253842,0.122896,-0.0180644,-0.251578,0.040702,-0.00882681,0.140859,-0.202316,-0.103794,-0.0992544,-0.0650064,-0.0112072,0.0327671,0.0903644,0.106047,-0.104347,-0.320106,-0.119888,-0.120364,0.00725469,-0.0389333,0.0468521,0.0177099,-0.200128,-0.0552148,0.0729764,0.0468766,-0.124993,-0.143641,0.193906,-0.0454583,-0.183597,-0.0732341,0.103318,0.24426,0.26242,-0.00778529,-0.0205928,-0.0737381,0.153786,-0.275168,-0.0212749,0.129453,0.00811281,0.0518156,0.0659666,-0.164642,0.0876164,0.178776,-0.286034,-0.0164989,-0.013059,-0.109274,-0.0451852,0.00663061,0.229895,0.121058,-0.15778,-0.128603,0.146884,-0.182484,0.0981031,0.10758,-0.143441,-0.239729,-0.233082,0.0201331,0.472522,0.0380425,-0.0924964,0.0377773,-0.0733479,-0.0421811,-0.0233898,0.112228,-0.12569,-0.0544671,-0.116282,0.0382244,0.16283,-0.0547309,0.00158394,0.210844,0.00181304,-0.0925876,0.0882958,0.111368,-0.179078,-0.0589522,-0.172461,-0.0534957,0.00738179,-0.108073,-0.0326458,0.0743685,-0.180594,0.124387,0.012277,-0.115398,-0.0825323,-0.14823,-0.0926964,-0.0494609,0.15138,-0.260458,0.15575,0.133764,-0.0154783,0.225737,-0.0372149,0.0531603,-0.0570534,0.0247954,-0.060619,-0.0255255,0.0826775,0.0018258,0.0597718,-0.0580503,
gianina-01,-0.0580972,0.0271944,0.0735821,-0.102726,-0.124466,-0.0266643,-0.0314251,-0.0968199,0.230869,-0.0805339,0.162297,-0.0317653,-0.268204,0.068546,-0.0468504,0.14151,-0.166164,-0.115626,-0.034259,-0.0477611,0.0344623,-0.0374586,0.0390172,0.115936,-0.153883,-0.242536,-0.10576,-0.0873122,-0.116197,-0.0254111,0.0396361,0.0773202,-0.205392,-0.0154001,-0.00120756,0.0841128,-0.0632592,-0.15527,0.192672,-0.00785588,-0.229766,-0.0713924,0.0354281,0.216265,0.168622,-0.0526217,0.0243202,-0.0534479,0.183121,-0.321303,-0.0270276,0.203067,0.0446104,0.0279423,0.0761323,-0.131659,0.0781762,0.19586,-0.194951,-0.00230064,0.0322935,-0.0206769,-0.0107966,-0.125744,0.265627,0.187762,-0.153366,-0.120623,0.157154,-0.0774702,-0.0232793,0.13108,-0.217531,-0.274684,-0.195875,0.048651,0.479442,0.0847377,-0.0978437,0.0820218,-0.119266,0.00359059,-0.0200299,0.0894699,-0.0294555,0.0709153,-0.0637996,0.0786805,0.212862,-0.0995196,-0.00177907,0.235678,-0.0412301,-0.0338472,0.011798,0.0470973,-0.0701552,0.066163,-0.157789,0.0220415,0.0886028,-0.0731406,0.0218949,0.0480517,-0.201621,0.0737073,-0.0130266,-0.0485764,-0.020909,-0.0495684,-0.134169,-0.0174536,0.192759,-0.316379,0.187175,0.085889,-0.0423699,0.128361,-0.00754477,0.106937,-0.0150691,-0.0417408,-0.0986667,-0.0399847,0.113125,0.00992551,0.0319561,-0.0269894
gianina-02,-0.153447,0.078663,0.0764889,-0.120131,-0.129938,-0.049974,-0.0596559,-0.0965987,0.197043,-0.0726118,0.1246,0.00575494,-0.280699,0.0599091,-0.091659,0.175927,-0.263507,-0.164234,-0.0452402,-0.135906,0.0309323,0.0496548,-0.0422081,0.100136,-0.160544,-0.240553,-0.104612,-0.0986124,-0.0808937,-0.0486339,0.0605305,0.0533641,-0.152711,0.0447105,0.0263905,0.0763108,-0.0297264,-0.100619,0.184361,0.0475895,-0.180166,0.0133576,0.104034,0.272112,0.248106,-0.0237109,0.00228171,-0.0530494,0.251385,-0.342489,-0.0398763,0.239755,0.0531475,0.0625034,0.13281,-0.137318,0.0393877,0.196122,-0.186153,0.0265953,0.0292079,-0.0857735,-0.0211265,-0.0754661,0.179923,0.118031,-0.145877,-0.114793,0.179169,-0.143235,-0.0639705,0.118864,-0.155753,-0.207103,-0.211845,0.064189,0.448831,0.125338,-0.0880694,0.0962202,-0.0623354,-0.0233797,-0.0214456,0.0591968,-0.104348,-0.00430548,-0.121622,0.0549869,0.218609,-0.0208478,0.0761814,0.266965,0.0178242,-0.0210229,0.0263213,0.0851043,-0.146826,-0.0423502,-0.127641,-0.0606235,0.0575588,-0.0733491,0.00966392,0.0559783,-0.180583,0.10979,-0.0474525,-0.0489274,-0.130025,-0.0421972,-0.0413374,0.0362044,0.168463,-0.243815,0.148861,0.118476,-0.0723585,0.127006,-0.0157385,0.052054,-0.0980346,-0.0712114,-0.0548253,-0.0991652,0.0607642,-0.00146571,0.0227245,-0.0213071
alberto-fujimori-01,-0.131271,0.117705,0.112808,0.0177323,-0.0911103,-0.111881,-0.0505174,-0.162535,0.0922376,-0.100567,0.238548,-0.115803,-0.226619,-0.0207849,-0.10403,0.16845,-0.133769,-0.119617,-0.0594043,-0.0373855,0.049892,-0.0079836,0.00666213,0.0195512,-0.111805,-0.333164,-0.107213,-0.109045,0.0409613,-0.0207777,-0.0429413,0.0589635,-0.14717,-0.0214893,0.0116499,0.0950236,0.0018924,-0.0368032,0.180109,-0.0252431,-0.197414,0.0535006,0.0611502,0.219402,0.1948,-0.01997,0.0444259,-0.127349,0.0341147,-0.151937,-0.0774468,0.168015,0.107882,0.0738755,0.0690259,-0.0878639,0.0772103,0.0792809,-0.156847,0.0240338,0.112755,-0.102909,-0.00714915,0.0027906,0.223711,0.0224535,-0.0970726,-0.0841197,0.179346,-0.167109,-0.0243376,0.0671095,-0.111447,-0.150551,-0.270847,0.0245952,0.415175,0.13881,-0.162674,0.0973613,-0.0956359,-0.0161873,0.0746818,0.0552572,-0.0883344,-0.0186866,-0.141482,0.0250815,0.183673,-0.0377862,0.0690959,0.201405,-0.00329983,0.0315478,0.0347408,0.0266894,-0.124463,-0.0408258,-0.0612938,-0.036867,0.0575697,-0.121938,0.025945,0.0974041,-0.179502,0.049322,-0.0535987,-0.00879244,0.0157302,0.0454557,-0.0259687,-0.0333228,0.149277,-0.213342,0.167995,0.171587,-0.0280454,0.0678058,0.0979399,0.0733959,-0.0755688,-0.0232233,-0.120008,-0.0683832,0.0150845,-0.0559575,0.0530666,0.00994709
alberto-fujimori-02,-0.0905272,0.123303,-0.00115887,-0.052806,-0.197444,-0.0577577,0.00333376,-0.0892087,0.108982,-0.0376596,0.287317,-0.0829236,-0.238509,-0.0536423,-0.000508966,0.163071,-0.161879,-0.0645611,-0.17523,-0.0706692,0.0191083,0.00955922,0.0557824,-0.045727,-0.0839776,-0.370683,-0.113121,-0.0590069,0.0926474,-0.0483167,0.0610428,0.103639,-0.190699,-0.131031,0.0541578,-0.00752632,-0.107633,-0.075349,0.21411,0.0042541,-0.136867,0.0635654,0.077234,0.233148,0.241735,0.0423176,0.0410106,-0.0961383,0.100198,-0.268799,0.0521349,0.12983,0.111611,0.0813987,0.133238,-0.0331876,0.0891719,0.0860264,-0.201126,0.00575632,0.108682,-0.0859124,-0.0639553,-0.0858012,0.182456,0.086711,-0.0317782,-0.102666,0.201948,-0.100942,-0.076193,0.0469986,-0.135949,-0.139161,-0.332672,0.0341651,0.421368,0.146309,-0.150123,0.00769804,-0.00294359,-0.0256144,0.0743663,0.0271562,-0.07217,-0.174357,-0.0820514,0.0742649,0.194801,-0.117328,-0.0610065,0.241361,0.0497055,0.03007,0.0467138,0.0303396,-0.0454169,-0.055786,-0.0912312,0.0202585,0.105158,-0.0911203,-0.0201726,0.101486,-0.117909,0.112615,-0.0404931,0.00775361,-0.0229413,-0.0665002,-0.0355055,0.0155418,0.107955,-0.203599,0.246904,0.161331,-0.0775836,0.0733907,0.0370598,0.0315114,-0.0163131,-0.0154546,-0.13703,-0.138647,0.0299134,0.019426,-0.00172463,0.0476086
alberto-fujimori-03,-0.102981,0.144924,0.137086,-0.00615709,-0.0977617,-0.0467318,-0.0289946,-0.109971,0.110578,-0.116246,0.218853,-0.0720161,-0.209382,-0.0914105,-0.0132444,0.193287,-0.247816,-0.10359,-0.0944266,-0.0199035,0.0349557,0.0728199,0.029942,-0.08016,-0.0505311,-0.408632,-0.0950302,-0.0780382,0.0411558,-0.00293126,-0.0347403,-0.0162365,-0.27656,-0.122557,0.0111854,0.00952389,-0.0730167,-0.0565866,0.134009,0.0178122,-0.1909,0.0475288,0.0673044,0.188002,0.275284,0.066315,-0.0133953,-0.179174,0.120726,-0.223269,-0.0265998,0.156337,0.07215,0.0892185,0.0687525,-0.0496593,0.0745789,0.0512962,-0.180854,-0.0234844,0.116689,-0.0723317,0.0174362,-0.00615106,0.152083,0.0123219,-0.00422328,-0.158726,0.15714,-0.178333,-0.0476545,0.0537931,-0.0541823,-0.157943,-0.320001,-0.0432526,0.348092,0.0942796,-0.139656,0.0279347,-0.0860624,-0.0494527,0.140011,0.076925,-0.0172341,-0.0499919,-0.0962822,0.0297351,0.245088,-0.0998699,0.0416202,0.248578,0.00259063,-0.00712602,0.0585327,0.0232347,-0.0835012,0.0279911,-0.134532,-0.0210062,0.0393088,-0.0760478,-0.0257379,0.094624,-0.191769,0.099533,-0.0467112,-0.0154594,0.000145248,-0.15009,-0.0385491,0.00231796,0.133549,-0.177532,0.221608,0.188866,-0.107514,0.115134,0.0482157,0.0677943,-0.0988939,-0.0701668,-0.194234,-0.0957347,0.0360343,0.00363172,0.0392842,-0.0122009
alberto-fujimori-04,-0.107703,0.0877274,0.100444,0.0212767,-0.0634048,-0.063474,-0.0173691,-0.130677,0.0794468,-0.0602805,0.259137,-0.0805661,-0.24336,-0.0200466,-0.0787911,0.16273,-0.254521,-0.0346666,-0.127809,-0.0160921,0.0618337,-0.0184491,0.0480102,-0.0732095,-0.00472896,-0.360899,-0.115961,-0.048779,0.0535804,-0.0342944,-0.0276885,-0.00231744,-0.215522,-0.094776,-0.0204157,0.000305927,-0.0533107,-0.0671353,0.195705,-0.0396051,-0.158037,0.0904235,0.0686087,0.140065,0.235363,0.0556778,-0.020761,-0.161207,0.1324,-0.202472,-0.0445394,0.176344,0.09128,0.129049,-0.00313609,-0.0291578,0.0719017,0.0808406,-0.170287,-0.0184711,0.118699,-0.121004,0.0219053,-0.0183525,0.0974829,0.0450654,-0.0357314,-0.180006,0.144898,-0.158449,-0.0675002,0.0206809,-0.075592,-0.156348,-0.317319,-0.0173011,0.380114,0.0757348,-0.116067,0.0352708,-0.138262,-0.100284,0.0777197,0.0524931,-0.0262635,-0.0641718,-0.126963,0.00789458,0.210848,-0.0846505,0.0162229,0.223165,0.0250523,0.0600755,0.0441506,0.0910812,-0.0971068,0.0263209,-0.117245,0.0143475,0.00162762,-0.0843977,-0.00632952,0.0573124,-0.136063,0.136471,-0.0413055,0.0301214,0.0135915,-0.0888338,-0.0272473,0.00227923,0.113213,-0.216624,0.206934,0.19224,-0.0292968,0.0904477,0.0536647,0.0929919,-0.0832856,-0.0118818,-0.209863,-0.100507,0.00625213,0.0529598,0.00884794,0.038194,
